>> 55 aa 00 00 00 00 00 04 00 01 03                                 // Net reset
>> 55 aa 00 00 00 00 00 00 00 00 ff                                 // Broadcast
<< 55 aa 00 00 00 00 00 80 0a 53 34 34 31 33 38 59 32 34 35 03 d4   // Inv says I am "S/N"
 aa aa 00 ff 00 00 00 00 01 15 02 69                                // Continuation ? Checksum verifies.
>> 55 aa 00 00 00 00 00 01 0b 53 34 34 31 33 38 59 32 34 35 01 03 57// S/W says "Assume ID 1"
<< 55 aa 00 01 00 00 00 81 01 06 01 88                              // Inverter says "I am ID 1" Mysterious payload 6
>> 55 aa 00 00 00 00 00 00 00 00 ff                                 // Another broadcast
>> 55 aa 00 00 00 01 01 00 00 01 01                                 // SW requests unknown data type 1 (01 00)
<< 55 aa 00 01 00 00 01 80 14 00 01 04 09 0a 0c 11 12 13 16 17 18 31 32 33 34 35 36 37 38 03 d8 // Inverter replies with unknown data (type 1)
>> 55 aa 00 00 00 00 00 00 00 00 ff                                 // Another broadcast
>> 55 aa 00 00 00 01 01 01 00 01 02                                 // Request some unknown data type 2 (01 02)
<< 55 aa 00 01 00 00 01 81 06 40 41 42 43 44 45 03 17               // Inverter replies with more unknown data (type 2)
>> 55 aa 00 00 00 00 00 00 00 00 ff                                 // Another broadcast
>> 55 aa 00 00 00 01 01 03 00 01 04                                 // Get software version and inverter specs from ID 1
<< 55 aa 00 01 00 00 01 83 40 31 20 20 33 36 38 30 56 31 2e 30 30 53 6f 6c 61 72 52 69 76 65 72 33 36 38 30 54 4c 53 41 4d 49 4c 50 4f 57 45 52 20 20 20 20 20 20 53 34 34 31 33 38 59 32 34 35 00 00 00 00 00 00 33 36 30 30 10 6c 
>> 55 aa 00 00 00 00 00 00 00 00 ff                                 // Another broadcast
>> 55 aa 00 00 00 01 01 04 00 01 05                                 // Request config info
>> 55 aa 00 01 00 00 01 84 0c 05 dc 00 1e 07 d0 0a 3c 12 8f 14 1d 04 7f 
>> 55 aa 00 00 00 00 00 00 00 00 ff                                 // Another broadcast
>> 55 aa 00 00 00 01 01 02 00 01 03 
<< 55 aa 00 01 00 00 01 82 28 00 ae 10 38 00 05 00 00 b4 1e 01 04 01 12 00 00 00 00 00 00 00 00 00 00 00 0a 09 9b 13 94 00 dc 00 06 a6 df 00 00 00 00 07 4c 
>> 55 aa 00 00 00 00 00 00 00 00 ff                                 // Another broadcast
>> 55 aa 00 00 00 01 01 02 00 01 03 
<< 55 aa 00 01 00 00 01 82 28 00 ae 10 40 00 05 00 00 b4 1e 01 04 01 12 00 00 00 00 00 00 00 00 00 00 00 0a 09 9b 13 94 00 dc 00 06 a6 df 00 00 00 00 07 54 
>> 55 aa 00 00 00 00 00 00 00 00 ff                                 // Another broadcast
>> 55 aa 00 00 00 01 01 02 00 01 03 
>> 55 aa 00 01 00 00 01 82 28 00 ae 10 2b 00 05 00 00 b4 1e 01 04 01 12 00 00 00 00 00 00 00 00 00 00 00 0a 09 9b 13 95 00 dc 00 06 a6 df 00 00 00 00 07 40 
>> 55 aa 00 00 00 00 00 00 00 00 ff                                 // Another broadcast
>> 55 aa 00 00 00 01 01 02 00 01 03
<< 55 aa 00 01 00 00 01 82 28 00 ae 10 21 00 05 00 00 b4 1e 01 04 01 12 00 00 00 00 00 00 00 00 00 00 00 0a 09 9b 13 94 00 df 00 06 a6 df 00 00 00 00 07 38 
>> 55 aa 00 00 00 00 00 00 00 00 ff                                 // Another broadcast
>> 55 aa 00 00 00 01 01 02 00 01 03
<< 55 aa 00 01 00 00 01 82 28 00 ae 10 0f 00 05 00 00 b4 1e 01 04 01 12 00 00 00 00 00 00 00 00 00 00 00 0a 09 9b 13 94 00 e1 00 06 a6 df 00 00 00 00 07 28 
>> 55 aa 00 00 00 00 00 00 00 00 ff                                 // Another broadcast
>> 55 aa 00 00 00 01 01 02 00 01 03
<< 55 aa 00 01 00 00 01 82 28 00 ae 10 1d 00 05 00 00 b4 1e 01 04 01 12 00 00 00 00 00 00 00 00 00 00 00 0a 09 93 13 95 00 dd 00 06 a6 df 00 00 00 00 07 2b
>> 55 aa 00 00 00 00 00 00 00 00 ff                                 // Another broadcast
55 aa 00 00 00 01 01 02 00 01 03 55 aa 00 01 00 00 01 82 28 00 ae 10 2e 00 05 00 00 b4 1e 01 04 01 12 00 00 00 00 00 00 00 00 00 00 00 0a 09 93 13 95 00 dd 00 06 a6 df 00 00 00 00 07 3c 
55 aa 00 00 00 00 00 00 00 00 ff 
55 aa 00 00 00 01 01 02 00 01 03
55 aa 00 01 00 00 01 82 28 00 ae 10 14 00 05 00 00 b4 1e 01 04 01 12 00 00 00 00 00 00 00 00 00 00 00 0a 09 9b 13 95 00 e0 00 06 a6 df 00 00 00 00 07 2d 
55 aa 00 00 00 00 00 00 00 00 ff 
55 aa 00 00 00 01 01 02 00 01 03 
55 aa 00 01 00 00 01 82 28 00 ae 10 1f 00 05 00 00 b4 1e 01 04 01 12 00 00
00 00 00 00 00 00 00 00 00 0a 09 93 13 96 00 db 00 06
a6 df 00 00 00 00 07 